$ 1 0.000005 10.20027730826997 50 5 50 5e-11
R 432 192 352 192 0 1 33 8 0 0 0.5
R 432 336 352 336 0 1 400 2 0 0 0.5
R 432 480 352 480 0 1 29 2 0 0 0.5
R 432 624 352 624 0 1 1 4 0 2.1467549799530254 0.5
r 480 240 544 240 0 100000
w 640 304 640 320 0
g 640 432 640 512 0 0
w 640 352 640 432 0
w 880 336 880 256 0
w 544 240 544 304 0
a 640 336 880 336 8 12 -12 1000000 0.000012118595057024744 0 100000
174 432 192 480 288 1 100000 0.5693 Ch1 Vol
w 432 288 272 288 0
w 432 432 272 432 0
174 432 336 480 432 1 100000 0.005 Ch1 Vol
w 432 576 272 576 0
174 432 480 480 576 1 100000 0.005 Ch1 Vol
w 432 720 272 720 0
174 432 624 480 720 1 100000 0.005 Ch1 Vol
w 272 288 272 432 0
w 272 432 272 576 0
w 272 576 272 720 0
g 272 720 272 768 0 0
r 480 528 544 528 0 100000
r 480 384 544 384 0 100000
r 480 672 544 672 0 100000
w 544 304 544 384 0
w 544 384 544 528 0
w 544 528 544 672 0
x 1135 663 1251 666 4 24 dc\scoupled
d 880 224 880 112 2 default
r 880 112 976 112 0 1000
t 976 112 1024 112 0 1 -6.2118575890914824 -1.216881428290254 100 default
r 1024 96 1104 96 0 150
R 1104 96 1152 96 0 0 40 5 0 0 0.5
g 1024 208 1024 256 0 0
162 1024 128 1024 208 2 default-led 1 0 0 0.01
a 880 528 1120 528 8 12 -12 1000000 -0.000011912450353029244 0 100000
w 880 480 880 512 0
g 880 544 880 624 0 0
w 1120 480 1120 528 0
r 880 336 880 432 0 100000
r 880 432 1120 432 0 100000
162 1264 320 1264 400 2 default-led 1 0 0 0.01
g 1264 400 1264 448 0 0
R 1344 288 1392 288 0 0 40 5 0 0 0.5
r 1264 288 1344 288 0 150
t 1216 304 1264 304 0 1 -3.8097941840918383 0.3908683169295839 100 default
r 1120 304 1216 304 0 1000
d 1120 432 1120 304 2 default
x 1060 175 1150 178 4 24 negative
x 1293 367 1374 370 4 24 positive
w 1120 528 1120 672 0
174 640 192 672 240 1 100000 0.005 Amplification
c 880 480 1120 480 0 4.7e-11 -1.1912569477532775 0.001
w 640 304 544 304 0
w 880 432 880 480 0
w 1120 432 1120 480 0
w 640 304 640 256 0
c 640 256 880 256 0 4.7e-11 1.2118716242975314 0.001
w 880 224 672 224 0
w 880 224 880 256 0
o 41 64 0 4098 20 0.1 0 4 41 3 40 0 40 3
o 36 64 0 4098 2.5 0.1 1 4 36 3 43 0 43 3
