$ 1 0.000005 10.20027730826997 50 5 43 5e-11
R 176 272 144 272 0 2 5 5 5 0 0.159154943092
w 304 384 304 272 0
w 304 272 432 272 0
c 432 272 544 272 0 1e-8 -0.19951247795021843 0.001
w 544 272 704 272 0
v 96 352 192 352 0 1 40 5 0 0 0.5
R 144 416 96 416 0 0 40 5 0 0 0.5
R 304 384 256 384 0 6 40 5 0 0 0.5
g 560 320 608 320 0 0
g 544 528 544 560 0 0
R 304 560 256 560 0 6 40 5 0 0 0.5
w 544 448 704 448 0
c 544 528 544 448 0 1e-8 0.652778641171177 0.001
w 304 448 432 448 0
w 304 560 304 448 0
174 544 272 560 352 1 10000 0.9950000000000001 Resistance
174 432 448 432 528 1 10000 0.9950000000000001 Resistance
w 544 448 448 496 0
x 584 221 738 224 4 24 high\spass\sfilter
x 604 527 749 530 4 24 low\spass\sfilter
o 13 64 0 4098 10 0.1 0 6 13 3 4 0 4 3 11 0 11 3
