$ 1 0.000015625 13.097415321081861 36 5 50 5e-11
R 160 384 112 384 0 1 15 5 0 0 0.5
174 240 384 240 448 0 47000 0.005 In 1
g 240 448 240 464 0 0
r 256 416 352 416 0 100000
a 432 432 560 432 8 12 -12 1000000 -0.0000032872542022462964 0 100000
g 432 448 432 464 0 0
w 352 416 352 544 0
r 256 544 352 544 0 100000
g 240 576 240 592 0 0
174 240 512 240 576 0 47000 0.005 In 2
R 160 512 112 512 0 1 504 5 0 0.8726646259971648 0.5
r 256 672 352 672 0 100000
g 240 704 240 720 0 0
174 240 640 240 704 0 47000 0.9653 In 3
R 160 640 112 640 0 1 10 5 0 3.2986722862692828 0.5
w 352 544 352 672 0
w 432 416 432 368 0
w 560 432 560 320 0
a 848 496 976 496 8 12 -12 1000000 0.0000032545612359470873 0 100000
g 848 512 848 528 0 0
w 848 480 848 432 0
p 1040 560 1040 496 3 0 0
r 752 480 848 480 0 100000
R 160 784 112 784 0 1 5 5 0 4.363323129985823 0.5
174 240 784 240 848 0 47000 0.005 In 4
g 240 848 240 864 0 0
r 256 816 352 816 0 100000
w 352 672 352 816 0
w 976 496 976 560 0
r 848 432 976 432 0 100000
w 976 496 976 432 0
p 560 432 560 528 3 0 0
R 336 784 336 752 0 0 40 5 0 0 0.5
r 240 784 336 784 0 33000
x 574 520 644 523 4 24 inv\sout
x 267 750 323 764 4 8 offset\\n(if\sin\sunplugged)
174 496 288 528 352 0 220000 0.46040000000000003 Amplification
w 432 368 432 288 0
w 432 288 496 288 0
w 528 320 560 320 0
g 496 352 496 368 0 0
x 504 273 692 295 4 16 Amplification\\n(100k\sfor\s1:1,\s220k\sfor\s2:1)
174 704 432 704 528 0 100000 0.005 Attenuation (norm)
w 560 432 704 432 0
w 720 480 752 480 0
x -65 394 83 397 4 24 CV/Audio\sIn\s1
x -66 520 82 523 4 24 CV/Audio\sIn\s2
x -64 648 84 651 4 24 CV/Audio\sIn\s3
x -67 794 81 797 4 24 CV/Audio\sIn\s4
g 704 528 704 544 0 0
x 1064 602 1097 605 4 24 out
211 1088 560 1088 496 0 5 8000 1
w 1040 560 1088 560 0
c 160 384 240 384 0 0.000001 0.11822953501893174 0.001
c 160 512 240 512 0 0.000001 -0.09639415228910408 0.001
c 160 640 240 640 0 0.000001 -1.5915988561359786 0.001
c 160 784 240 784 0 0.000001 -6.240421852540104 0.001
r 352 416 432 416 0 100000
w 1088 560 1168 560 0
R 1264 512 1264 448 0 0 40 5 0 0 0.5
g 1264 608 1264 672 0 0
d 1264 608 1264 560 2 default
d 1264 560 1264 512 2 default
w 1264 560 1344 560 0
p 1344 560 1344 496 3 0 0
r 1168 560 1264 560 0 1000
x 1301 612 1423 642 4 24 \p5v\sclipped\\nnorm\sout
r 1168 1072 1264 1072 0 1000
p 1344 1072 1344 1008 3 0 0
w 1264 1072 1344 1072 0
d 1264 1072 1264 1024 2 default
d 1264 1120 1264 1072 2 default
R 1264 1024 1264 960 0 0 40 0 0 0 0.5
w 1168 560 1168 816 0
R 1264 1120 1264 1184 0 0 40 0 -5 0 0.5
211 1424 560 1424 496 0 5 8000 1
w 1344 1072 1424 1072 0
w 1344 560 1424 560 0
w 1168 816 1168 1072 0
w 1344 816 1424 816 0
R 1264 864 1264 928 0 0 40 0 -5 0 0.5
R 1264 768 1264 704 0 0 40 5 0 0 0.5
w 1264 816 1344 816 0
p 1344 816 1344 752 3 0 0
r 1168 816 1264 816 0 20000
r 1264 864 1264 816 0 20000
r 1264 816 1264 768 0 10000
x 1322 864 1408 867 4 24 0-5v\sout
w 976 560 1040 560 0
x 670 416 802 419 4 16 Attenuation\s(norm)
w 1040 560 1040 608 0
w 1168 560 1168 272 0
174 1264 272 1296 368 1 100000 0.7673000000000001 Atten
w 1344 320 1424 320 0
211 1424 320 1424 256 0 5 8000 1
x 1301 372 1411 375 4 24 Attenuator
p 1344 320 1344 256 3 0 0
w 1296 320 1344 320 0
g 1264 368 1264 384 0 0
w 1168 272 1264 272 0
o 0 64 0 4098 10 0.025 0 8 0 3 10 0 10 3 14 0 14 3 23 0 23 3
o 21 64 0 4098 10 0.1 1 2 31 0
o 64 32 0 4098 10 0.1 2 2 68 0
o 83 32 0 4098 5 0.1 3 1
o 96 32 0 4098 2.5 0.1 4 1
