$ 1 0.000005 10.20027730826997 50 5 43 5e-11
R 384 384 336 384 0 0 40 5 0 0 0.5
g 784 384 832 384 0 0
34 led\srubber 1 9.32e-11 0 6.27257624698767 0 0.01
162 592 384 704 384 2 led\srubber 1 0 0 0.01
162 592 448 704 448 2 led\srubber 1 0 0 0.01
w 704 384 704 448 0
w 592 416 592 384 0
370 704 384 784 384 1 0 0
p 384 512 592 512 3 0 0
p 592 512 704 512 3 0 0
w 704 448 704 512 0
w 592 448 592 512 0
w 384 384 384 416 0
r 384 384 592 384 0 47
w 592 416 592 448 0
w 384 416 384 512 0
r 384 416 592 416 0 47
o 1 64 3 4098 0.0000762939453125 0.1 0 1
