$ 1 0.000005 10.20027730826997 50 5 50 5e-11
a 672 384 880 384 9 15 -15 1000000 -4.651501624218594 -4.651966774381015 10000
w 352 368 416 368 0
w 448 368 496 368 0
w 496 368 544 368 0
c 448 368 416 368 0 1.0000000000000001e-7 -0.1182919076273139 0.001
c 544 368 608 368 0 1.0000000000000001e-7 0.10643943395606392 0.001
w 608 368 672 368 0
r 608 368 608 544 0 8000
w 496 256 592 256 0
r 592 256 736 256 0 8000
w 736 256 880 256 0
w 880 256 880 384 0
w 672 400 672 432 0
w 880 432 880 384 0
w 912 384 1040 384 0
g 528 544 528 576 0 0
w 496 256 496 368 0
R 320 288 272 288 0 1 40 5 0 0 0.5
R 352 368 304 368 0 6 40 5 0 0 0.5
w 608 544 528 544 0
d 880 384 912 384 2 default
d 880 784 912 784 2 default
R 352 768 304 768 0 6 40 5 0 0 0.5
R 272 720 224 720 0 1 40 5 0 0 0.5
w 496 656 496 768 0
g 608 944 608 976 0 0
w 912 784 1040 784 0
w 880 832 880 784 0
w 672 800 672 832 0
w 880 656 880 784 0
w 736 656 880 656 0
r 544 768 608 768 0 10000
w 496 656 592 656 0
r 448 768 384 768 0 10000
w 608 768 672 768 0
c 592 656 736 656 0 1e-9 0.9351378940403708 0.001
c 608 768 608 944 0 1e-9 0.695812443568787 0.001
w 496 768 544 768 0
w 448 768 496 768 0
w 352 768 384 768 0
a 672 784 880 784 9 15 -15 1000000 0.6957428692818589 0.695812443568787 10000
w 672 832 880 832 0
g 448 448 448 480 0 0
w 672 432 880 432 0
o 1 64 0 4098 10 0.1 0 2 1 3
o 14 64 0 4098 20 0.1 1 2 14 3
o 39 64 0 4098 20 0.1 2 4 39 3 26 0 26 3
